3 0.1296875 0.8476851851851852 0.11145833333333334 0.30462962962962964
3 0.046875 0.8046296296296296 0.09270833333333334 0.387037037037037
3 0.8927083333333333 0.7106481481481481 0.06041666666666667 0.33055555555555555
3 0.87109375 0.7685185185185185 0.0578125 0.21851851851851853
3 0.3575520833333333 0.5189814814814815 0.019270833333333334 0.0787037037037037
3 0.4002604166666667 0.5259259259259259 0.0140625 0.025925925925925925
3 0.41328125 0.5226851851851851 0.008854166666666666 0.021296296296296296
3 0.3734375 0.5157407407407407 0.014583333333333334 0.07777777777777778
3 0.37890625 0.524537037037037 0.0171875 0.062037037037037036
3 0.4609375 0.5314814814814814 0.00625 0.020370370370370372
3 0.4671875 0.5296296296296297 0.00625 0.024074074074074074
3 0.48203125 0.5310185185185186 0.0067708333333333336 0.023148148148148147
3 0.5684895833333333 0.5300925925925926 0.005729166666666666 0.021296296296296296
3 0.5380208333333333 0.5291666666666667 0.009375 0.019444444444444445
3 0.56171875 0.5259259259259259 0.008854166666666666 0.020370370370370372
3 0.55390625 0.5337962962962963 0.0078125 0.021296296296296296
3 0.6096354166666667 0.5671296296296297 0.011979166666666667 0.0787037037037037
3 0.62265625 0.5717592592592593 0.019270833333333334 0.10092592592592593
3 0.46328125 0.6162037037037037 0.0359375 0.15833333333333333
3 0.475 0.6157407407407407 0.023958333333333335 0.16666666666666666
3 0.48932291666666666 0.6388888888888888 0.028645833333333332 0.22037037037037038
3 0.54140625 0.6569444444444444 0.034895833333333334 0.24722222222222223
3 0.5630208333333333 0.5949074074074074 0.028125 0.15833333333333333
3 0.4231770833333333 0.5305555555555556 0.005729166666666666 0.009259259259259259
3 0.4197916666666667 0.7231481481481481 0.08333333333333333 0.3888888888888889
3 0.5078125 0.6949074074074074 0.08333333333333333 0.475
3 0.5729166666666666 0.7199074074074074 0.08229166666666667 0.36203703703703705
3 0.6510416666666666 0.5462962962962963 0.015625 0.06111111111111111
3 0.6981770833333333 0.5106481481481482 0.0109375 0.04537037037037037
3 0.7205729166666667 0.5541666666666667 0.011979166666666667 0.0824074074074074
3 0.7578125 0.5912037037037037 0.03854166666666667 0.15462962962962962
3 0.6869791666666667 0.5819444444444445 0.023958333333333335 0.1398148148148148
3 0.6729166666666667 0.5472222222222223 0.014583333333333334 0.037037037037037035
3 0.6419270833333334 0.5592592592592592 0.0109375 0.02962962962962963
