3 0.26197916666666665 0.6476851851851851 0.03958333333333333 0.20833333333333334
3 0.20729166666666668 0.5037037037037037 0.015625 0.040740740740740744
3 0.14114583333333333 0.4740740740740741 0.011458333333333333 0.020370370370370372
3 0.16588541666666667 0.4842592592592593 0.013020833333333334 0.03518518518518519
3 0.09791666666666667 0.4689814814814815 0.015625 0.013888888888888888
3 0.0734375 0.4652777777777778 0.0125 0.025
3 0.06145833333333333 0.47129629629629627 0.009375 0.016666666666666666
3 0.05651041666666667 0.475462962962963 0.0046875 0.013888888888888888
3 0.01328125 0.49074074074074076 0.015104166666666667 0.0962962962962963
3 0.0033854166666666668 0.49027777777777776 0.0067708333333333336 0.08611111111111111
