1 0.46770833333333334 0.5212962962962963 0.0125 0.018518518518518517
2 0.48203125 0.5212962962962963 0.0140625 0.020370370370370372
0 0.53671875 0.5560185185185185 0.033854166666666664 0.05092592592592592
3 0.4515625 0.538425925925926 0.004166666666666667 0.021296296296296296
0 0.41302083333333334 0.5407407407407407 0.03125 0.022222222222222223
3 0.3609375 0.5601851851851852 0.0125 0.05925925925925926
3 0.35078125 0.562037037037037 0.008854166666666666 0.05925925925925926
3 0.3455729166666667 0.5625 0.008854166666666666 0.05648148148148148
3 0.33619791666666665 0.5601851851851852 0.009895833333333333 0.06481481481481481
2 0.32083333333333336 0.5324074074074074 0.078125 0.09074074074074075
2 0.20598958333333334 0.5777777777777777 0.15052083333333333 0.1574074074074074
2 0.5385416666666667 0.5203703703703704 0.01875 0.025925925925925925
1 0.5635416666666667 0.5282407407407408 0.025 0.030555555555555555
0 0.5875 0.5356481481481481 0.00625 0.013888888888888888
2 0.6067708333333334 0.5333333333333333 0.036458333333333336 0.07962962962962963
1 0.8052083333333333 0.49953703703703706 0.38958333333333334 0.9953703703703703
3 0.5661458333333333 0.5472222222222223 0.011458333333333333 0.04259259259259259
