3 0.25585632483081727 0.6324074074074074 0.06611140031233732 0.21666666666666667
1 0.46772514315460695 0.5166666666666667 0.019260801665799063 0.040740740740740744
2 0.48646538261322225 0.5152777777777777 0.013014055179593961 0.030555555555555555
2 0.5026028110359188 0.5101851851851852 0.011972930765226444 0.020370370370370372
0 0.5231650182196772 0.5388888888888889 0.01978136387298282 0.04259259259259259
0 0.493492972410203 0.5300925925925926 0.008328995314940135 0.028703703703703703
0 0.49817803227485685 0.5324074074074074 0.014575741801145237 0.03148148148148148
0 0.510671525247267 0.5439814814814815 0.032274856845393024 0.05277777777777778
2 0.5978656949505466 0.5333333333333333 0.14107235814679855 0.23333333333333334
0 0.478396668401874 0.5365740740740741 0.026028110359187923 0.041666666666666664
3 0.45523165018219675 0.5305555555555556 0.00676730869338886 0.03333333333333333
0 0.43909422175950025 0.5296296296296297 0.024466423737636647 0.03518518518518519
2 0.8420093701197293 0.5319444444444444 0.31598125976054137 0.9361111111111111
