3 0.029947916666666668 0.3578703703703704 0.0046875 0.010185185185185186
3 0.034895833333333334 0.3578703703703704 0.003125 0.012037037037037037
3 0.05260416666666667 0.36157407407407405 0.00625 0.008333333333333333
3 0.05859375 0.36342592592592593 0.0046875 0.010185185185185186
3 0.06666666666666667 0.3768518518518518 0.008333333333333333 0.03333333333333333
3 0.08098958333333334 0.36527777777777776 0.005729166666666666 0.01574074074074074
3 0.10520833333333333 0.37453703703703706 0.00625 0.032407407407407406
3 0.10208333333333333 0.37824074074074077 0.009375 0.03611111111111111
3 0.09401041666666667 0.37916666666666665 0.0067708333333333336 0.032407407407407406
3 0.08958333333333333 0.38055555555555554 0.00625 0.03148148148148148
3 0.0859375 0.36712962962962964 0.004166666666666667 0.012037037037037037
3 0.08385416666666666 0.3800925925925926 0.008333333333333333 0.032407407407407406
3 0.07604166666666666 0.38055555555555554 0.010416666666666666 0.03148148148148148
0 0.027864583333333335 0.387037037037037 0.05572916666666667 0.06111111111111111
3 0.022916666666666665 0.3824074074074074 0.01875 0.046296296296296294
3 0.03828125 0.3824074074074074 0.0171875 0.04259259259259259
3 0.946875 0.45787037037037037 0.00625 0.012037037037037037
2 0.9200520833333333 0.4666666666666667 0.044270833333333336 0.1111111111111111
3 0.8739583333333333 0.5023148148148148 0.017708333333333333 0.10462962962962963
0 0.14270833333333333 0.5902777777777778 0.284375 0.39537037037037037
3 0.04140625 0.3527777777777778 0.008854166666666666 0.020370370370370372
