3 0.04401041666666667 0.37546296296296294 0.0109375 0.03425925925925926
3 0.020052083333333335 0.3625 0.008854166666666666 0.025
3 0.14973958333333334 0.37777777777777777 0.011979166666666667 0.02962962962962963
3 0.15911458333333334 0.40046296296296297 0.0171875 0.06574074074074074
3 0.13385416666666666 0.39814814814814814 0.016666666666666666 0.06481481481481481
3 0.25729166666666664 0.39351851851851855 0.010416666666666666 0.016666666666666666
3 0.234375 0.3912037037037037 0.019791666666666666 0.03796296296296296
0 0.29192708333333334 0.5041666666666667 0.19635416666666666 0.19722222222222222
3 0.95859375 0.5111111111111111 0.033854166666666664 0.14074074074074075
0 0.72109375 0.7555555555555555 0.5578125 0.4888888888888889
3 0.03515625 0.37037037037037035 0.0109375 0.03333333333333333
0 0.3567708333333333 0.3925925925925926 0.026041666666666668 0.016666666666666666
