3 0.5 0.5310185185185186 0.008333333333333333 0.03796296296296296
3 0.5018229166666667 0.5337962962962963 0.0078125 0.05462962962962963
3 0.50546875 0.5398148148148149 0.009895833333333333 0.05740740740740741
3 0.5122395833333333 0.5148148148148148 0.0046875 0.012962962962962963
3 0.51015625 0.5287037037037037 0.0109375 0.03888888888888889
3 0.5143229166666666 0.5439814814814815 0.0140625 0.06944444444444445
3 0.5296875 0.5425925925925926 0.011458333333333333 0.06481481481481481
3 0.5263020833333333 0.5180555555555556 0.0046875 0.012037037037037037
3 0.5223958333333333 0.5486111111111112 0.014583333333333334 0.06759259259259259
3 0.5393229166666667 0.5430555555555555 0.011979166666666667 0.05648148148148148
3 0.5549479166666667 0.5578703703703703 0.0203125 0.08425925925925926
3 0.6932291666666667 0.549074074074074 0.015625 0.08148148148148149
3 0.7486979166666666 0.549074074074074 0.027604166666666666 0.12222222222222222
3 0.7734375 0.7046296296296296 0.0375 0.34444444444444444
3 0.6440104166666667 0.5796296296296296 0.0171875 0.06851851851851852
3 0.68359375 0.6513888888888889 0.03177083333333333 0.21203703703703702
3 0.6546875 0.65 0.035416666666666666 0.21851851851851853
3 0.6208333333333333 0.674537037037037 0.0625 0.25462962962962965
3 0.58203125 0.6865740740740741 0.0453125 0.20833333333333334
3 0.7234375 0.6620370370370371 0.052083333333333336 0.26666666666666666
3 0.7942708333333334 0.725925925925926 0.07395833333333333 0.3907407407407407
3 0.959375 0.7773148148148148 0.07916666666666666 0.4398148148148148
3 0.928125 0.7962962962962963 0.11458333333333333 0.40555555555555556
3 0.015625 0.6472222222222223 0.030208333333333334 0.2740740740740741
3 0.032552083333333336 0.6356481481481482 0.059895833333333336 0.32314814814814813
3 0.08984375 0.5569444444444445 0.044270833333333336 0.14722222222222223
3 0.18307291666666667 0.5898148148148148 0.0484375 0.2
3 0.2421875 0.6981481481481482 0.059375 0.3148148148148148
3 0.18984375 0.7217592592592592 0.1015625 0.3138888888888889
3 0.33567708333333335 0.537962962962963 0.016145833333333335 0.07037037037037037
3 0.3859375 0.5189814814814815 0.013541666666666667 0.03796296296296296
3 0.41848958333333336 0.5138888888888888 0.0067708333333333336 0.018518518518518517
3 0.4265625 0.5111111111111111 0.005208333333333333 0.009259259259259259
3 0.42994791666666665 0.5222222222222223 0.013020833333333334 0.037037037037037035
3 0.4231770833333333 0.5175925925925926 0.011979166666666667 0.02962962962962963
3 0.4390625 0.5236111111111111 0.010416666666666666 0.03796296296296296
3 0.44765625 0.5254629629629629 0.0171875 0.049074074074074076
3 0.4609375 0.5148148148148148 0.007291666666666667 0.016666666666666666
3 0.45859375 0.524537037037037 0.009895833333333333 0.026851851851851852
3 0.4671875 0.5199074074074074 0.00625 0.008333333333333333
3 0.47291666666666665 0.5166666666666667 0.00625 0.011111111111111112
3 0.4713541666666667 0.524537037037037 0.009375 0.025
3 0.465625 0.5342592592592592 0.008333333333333333 0.027777777777777776
3 0.46953125 0.5365740740740741 0.011979166666666667 0.030555555555555555
3 0.41015625 0.5157407407407407 0.0067708333333333336 0.018518518518518517
3 0.41484375 0.5143518518518518 0.005729166666666666 0.01574074074074074
3 0.42291666666666666 0.5328703703703703 0.011458333333333333 0.03425925925925926
3 0.4359375 0.5370370370370371 0.010416666666666666 0.018518518518518517
3 0.44557291666666665 0.5365740740740741 0.0109375 0.019444444444444445
3 0.45338541666666665 0.5675925925925925 0.022395833333333334 0.09444444444444444
3 0.41432291666666665 0.5587962962962963 0.016145833333333335 0.08611111111111111
0 0.3567708333333333 0.5194444444444445 0.016666666666666666 0.046296296296296294
3 0.3763020833333333 0.5625 0.0171875 0.11944444444444445
3 0.48098958333333336 0.6736111111111112 0.04739583333333333 0.18981481481481483
3 0.41744791666666664 0.7675925925925926 0.1046875 0.45740740740740743
3 0.53984375 0.7657407407407407 0.11927083333333334 0.4685185185185185
