3 0.25 0.6032407407407407 0.019791666666666666 0.09537037037037037
3 0.21927083333333333 0.612037037037037 0.05625 0.12777777777777777
3 0.34427083333333336 0.5532407407407407 0.007291666666666667 0.017592592592592594
3 0.3421875 0.6125 0.022916666666666665 0.1398148148148148
3 0.38515625 0.5425925925925926 0.009895833333333333 0.025925925925925925
3 0.39375 0.5569444444444445 0.0125 0.028703703703703703
3 0.3796875 0.5699074074074074 0.020833333333333332 0.06018518518518518
3 0.4119791666666667 0.5513888888888889 0.015625 0.04537037037037037
3 0.40677083333333336 0.5541666666666667 0.013541666666666667 0.03981481481481482
3 0.42526041666666664 0.5527777777777778 0.009895833333333333 0.03148148148148148
3 0.42734375 0.5615740740740741 0.015104166666666667 0.04722222222222222
3 0.42942708333333335 0.5902777777777778 0.0171875 0.09166666666666666
3 0.475 0.6263888888888889 0.019791666666666666 0.12685185185185185
3 0.49921875 0.5513888888888889 0.0067708333333333336 0.025
3 0.5078125 0.5527777777777778 0.013541666666666667 0.03888888888888889
3 0.5177083333333333 0.5574074074074075 0.008333333333333333 0.024074074074074074
3 0.4166666666666667 0.6032407407407407 0.021875 0.09351851851851851
3 0.35546875 0.7407407407407407 0.06197916666666667 0.37962962962962965
3 0.4109375 0.7893518518518519 0.15416666666666667 0.41944444444444445
3 0.5114583333333333 0.6560185185185186 0.05416666666666667 0.225
3 0.5484375 0.6824074074074075 0.08541666666666667 0.45
3 0.57578125 0.6416666666666667 0.028645833333333332 0.21481481481481482
3 0.5661458333333333 0.5527777777777778 0.017708333333333333 0.05185185185185185
3 0.5328125 0.5509259259259259 0.014583333333333334 0.06851851851851852
3 0.5729166666666666 0.5208333333333334 0.008333333333333333 0.01574074074074074
3 0.5786458333333333 0.5291666666666667 0.011458333333333333 0.032407407407407406
3 0.5890625 0.5273148148148148 0.009375 0.03611111111111111
3 0.5932291666666667 0.5416666666666666 0.0125 0.03888888888888889
3 0.6208333333333333 0.5509259259259259 0.009375 0.037037037037037035
3 0.6388020833333333 0.5351851851851852 0.005729166666666666 0.016666666666666666
3 0.646875 0.5509259259259259 0.009375 0.046296296296296294
0 0.6075520833333333 0.611574074074074 0.06510416666666667 0.13055555555555556
3 0.6723958333333333 0.5393518518518519 0.00625 0.025
3 0.67890625 0.5370370370370371 0.0046875 0.020370370370370372
3 0.6921875 0.5361111111111111 0.003125 0.009259259259259259
3 0.6895833333333333 0.5537037037037037 0.008333333333333333 0.040740740740740744
0 0.7028645833333333 0.5425925925925926 0.0140625 0.022222222222222223
3 0.6994791666666667 0.562962962962963 0.013541666666666667 0.05925925925925926
3 0.6947916666666667 0.5587962962962963 0.008333333333333333 0.04722222222222222
3 0.7330729166666666 0.5694444444444444 0.021354166666666667 0.08518518518518518
3 0.7421875 0.638425925925926 0.04479166666666667 0.1824074074074074
2 0.9028645833333333 0.6976851851851852 0.19427083333333334 0.5138888888888888
3 0.9450520833333333 0.7638888888888888 0.0921875 0.4722222222222222
