1 0.49375 0.5375 0.014583333333333334 0.012037037037037037
0 0.5119791666666667 0.549537037037037 0.011458333333333333 0.019444444444444445
0 0.51796875 0.5537037037037037 0.015104166666666667 0.018518518518518517
0 0.4973958333333333 0.5601851851851852 0.01875 0.027777777777777776
0 0.5119791666666667 0.6041666666666666 0.058333333333333334 0.08611111111111111
0 0.4875 0.5421296296296296 0.005208333333333333 0.012037037037037037
0 0.4979166666666667 0.5407407407407407 0.00625 0.012962962962962963
0 0.47994791666666664 0.5462962962962963 0.013020833333333334 0.020370370370370372
0 0.4708333333333333 0.5407407407407407 0.009375 0.014814814814814815
0 0.4609375 0.5416666666666666 0.011458333333333333 0.016666666666666666
0 0.45234375 0.5462962962962963 0.019270833333333334 0.022222222222222223
3 0.4122395833333333 0.5527777777777778 0.005729166666666666 0.02962962962962963
3 0.4049479166666667 0.5527777777777778 0.005729166666666666 0.027777777777777776
0 0.25703125 0.611574074074074 0.09739583333333333 0.13240740740740742
3 0.140625 0.5652777777777778 0.016666666666666666 0.05462962962962963
0 0.57421875 0.549074074074074 0.008854166666666666 0.014814814814814815
3 0.7653645833333333 0.5458333333333333 0.008854166666666666 0.03796296296296296
3 0.8208333333333333 0.5685185185185185 0.007291666666666667 0.03333333333333333
3 0.8026041666666667 0.5921296296296297 0.007291666666666667 0.028703703703703703
0 0.7872395833333333 0.6263888888888889 0.07760416666666667 0.09722222222222222
3 0.93515625 0.6370370370370371 0.016145833333333335 0.08333333333333333
3 0.9213541666666667 0.6314814814814815 0.015625 0.08518518518518518
0 0.9513020833333333 0.6393518518518518 0.0171875 0.06759259259259259
1 0.97265625 0.5689814814814815 0.05364583333333333 0.2953703703703704
3 0.353125 0.5782407407407407 0.016666666666666666 0.05648148148148148
