3 0.26223958333333336 0.3611111111111111 0.0067708333333333336 0.044444444444444446
0 0.4278645833333333 0.5310185185185186 0.008854166666666666 0.019444444444444445
0 0.4203125 0.5439814814814815 0.030208333333333334 0.03611111111111111
3 0.40572916666666664 0.5277777777777778 0.005208333333333333 0.011111111111111112
0 0.37213541666666666 0.5768518518518518 0.06510416666666667 0.14444444444444443
0 0.3333333333333333 0.5398148148148149 0.027083333333333334 0.025925925925925925
3 0.4166666666666667 0.5342592592592592 0.019791666666666666 0.03518518518518519
2 0.49505208333333334 0.5254629629629629 0.13802083333333334 0.28425925925925927
0 0.5802083333333333 0.5504629629629629 0.04479166666666667 0.06759259259259259
3 0.6130208333333333 0.5305555555555556 0.023958333333333335 0.046296296296296294
3 0.7604166666666666 0.5138888888888888 0.022916666666666665 0.03888888888888889
3 0.790625 0.5115740740740741 0.026041666666666668 0.04351851851851852
0 0.8010416666666667 0.6509259259259259 0.178125 0.24259259259259258
0 0.6596354166666667 0.7268518518518519 0.28489583333333335 0.3592592592592593
0 0.2515625 0.6347222222222222 0.08958333333333333 0.15648148148148147
5 0.28177083333333336 0.6842592592592592 0.034375 0.1
0 0.13932291666666666 0.7171296296296297 0.27760416666666665 0.30462962962962964
