0 0.3963541666666667 0.5884259259259259 0.020833333333333332 0.03611111111111111
1 0.44192708333333336 0.5689814814814815 0.0140625 0.03796296296296296
0 0.44036458333333334 0.5861111111111111 0.0140625 0.03148148148148148
3 0.7044270833333334 0.6347222222222222 0.0109375 0.10833333333333334
3 0.72890625 0.6129629629629629 0.0171875 0.05925925925925926
5 0.80703125 0.7 0.06927083333333334 0.11666666666666667
0 0.46536458333333336 0.5856481481481481 0.021354166666666667 0.025
0 0.48489583333333336 0.5814814814814815 0.019791666666666666 0.009259259259259259
0 0.48828125 0.6162037037037037 0.03802083333333333 0.058333333333333334
3 0.43671875 0.5912037037037037 0.008854166666666666 0.030555555555555555
3 0.390625 0.6277777777777778 0.019791666666666666 0.1037037037037037
