3 0.5526041666666667 0.5342592592592592 0.007291666666666667 0.025925925925925925
3 0.5619791666666667 0.5333333333333333 0.00625 0.022222222222222223
3 0.5677083333333334 0.5518518518518518 0.0125 0.06851851851851852
3 0.64453125 0.5824074074074074 0.0296875 0.12222222222222222
3 0.7807291666666667 0.600462962962963 0.03958333333333333 0.15648148148148147
3 0.7489583333333333 0.6032407407407407 0.03125 0.16203703703703703
3 0.027864583333333335 0.6814814814814815 0.022395833333333334 0.10185185185185185
3 0.0078125 0.687037037037037 0.015625 0.15925925925925927
0 0.16458333333333333 0.6731481481481482 0.24791666666666667 0.26666666666666666
0 0.42265625 0.6703703703703704 0.2328125 0.2537037037037037
