0 0.37506507027589797 0.5226851851851851 0.021343050494534097 0.017592592592592594
2 0.5778240499739719 0.49675925925925923 0.04997397188964081 0.058333333333333334
0 0.5268089536699636 0.5231481481481481 0.06663196251952108 0.07407407407407407
0 0.4549713690786049 0.538425925925926 0.03435710567412806 0.041666666666666664
0 0.691827173347215 0.5166666666666667 0.04789172306090578 0.044444444444444446
1 0.8761061946902655 0.4912037037037037 0.19469026548672566 0.20092592592592592
0 0.7665278500780843 0.5541666666666667 0.11087975013014055 0.12685185185185185
2 0.6197293076522644 0.5574074074074075 0.24726704841228528 0.17222222222222222
0 0.3722019781363873 0.5763888888888888 0.10098906819364914 0.09722222222222222
0 0.43258719416970326 0.6162037037037037 0.12805830296720458 0.175
3 0.09109838625715773 0.5504629629629629 0.017699115044247787 0.09166666666666666
3 0.07626236335242062 0.6305555555555555 0.042165538781884435 0.20185185185185187
