1 0.4809994794377928 0.4930555555555556 0.03331598125976054 0.04351851851851852
1 0.4487246225923998 0.49675925925925923 0.028110359187922956 0.032407407407407406
2 0.5007808433107757 0.5106481481481482 0.012493492972410203 0.028703703703703703
0 0.5179593961478397 0.4925925925925926 0.020822488287350338 0.014814814814814815
2 0.5499739718896408 0.5101851851851852 0.02342529932326913 0.037037037037037035
2 0.5720978656949506 0.5060185185185185 0.026028110359187923 0.03981481481481482
2 0.6082769390942218 0.4898148148148148 0.05361790733992712 0.06851851851851852
1 0.6803748047891723 0.4736111111111111 0.08433107756376887 0.03981481481481482
2 0.6847995835502343 0.5162037037037037 0.10879750130140552 0.05648148148148148
2 0.7605413846954711 0.5342592592592592 0.041644976574700676 0.05
2 0.8347214992191567 0.5231481481481481 0.107756376887038 0.10555555555555556
0 0.9380530973451328 0.6532407407407408 0.11140031233732431 0.20092592592592592
0 0.7977615825091099 0.7157407407407408 0.2920353982300885 0.3296296296296296
0 0.6317022384174908 0.6087962962962963 0.12753774076002083 0.19537037037037036
0 0.5681936491410724 0.5768518518518518 0.055700156168662154 0.1037037037037037
0 0.526028110359188 0.5162037037037037 0.034877667881311816 0.030555555555555555
0 0.9601769911504425 0.9046296296296297 0.07964601769911504 0.19074074074074074
0 0.48308172826652784 0.5550925925925926 0.06350858927641853 0.08611111111111111
2 0.43206663196251954 0.4986111111111111 0.04789172306090578 0.075
0 0.35762623633524204 0.7564814814814815 0.37272254034357105 0.4740740740740741
3 0.13092139510671524 0.5912037037037037 0.031754294638209266 0.14722222222222223
3 0.05726184279021343 0.5893518518518519 0.026028110359187923 0.13796296296296295
