3 0.10286458333333333 0.6458333333333334 0.033854166666666664 0.14907407407407408
0 0.5263020833333333 0.5861111111111111 0.0265625 0.05925925925925926
2 0.57890625 0.5462962962962963 0.009895833333333333 0.04259259259259259
2 0.5796875 0.5643518518518519 0.010416666666666666 0.05277777777777778
0 0.57578125 0.6074074074074074 0.018229166666666668 0.07962962962962963
1 0.6559895833333333 0.5583333333333333 0.1640625 0.25
2 0.746875 0.5625 0.026041666666666668 0.06944444444444445
3 0.83046875 0.5717592592592593 0.011979166666666667 0.026851851851851852
3 0.8484375 0.5800925925925926 0.011458333333333333 0.021296296296296296
3 0.8393229166666667 0.5740740740740741 0.013020833333333334 0.024074074074074074
3 0.8216145833333334 0.5708333333333333 0.005729166666666666 0.013888888888888888
0 0.8059895833333334 0.6578703703703703 0.10572916666666667 0.1638888888888889
0 0.684375 0.7472222222222222 0.20833333333333334 0.3074074074074074
1 0.9057291666666667 0.500462962962963 0.1875 0.9972222222222222
