0 0.16475793857365956 0.49722222222222223 0.005726184279021343 0.027777777777777776
3 0.18011452368558042 0.5032407407407408 0.012493492972410203 0.05648148148148148
0 0.2027589796980739 0.49907407407407406 0.025507548152004164 0.027777777777777776
3 0.20822488287350338 0.4949074074074074 0.007287870900572618 0.025
3 0.19573138990109318 0.5 0.009370119729307652 0.03148148148148148
3 0.2282665278500781 0.49027777777777776 0.00676730869338886 0.012037037037037037
3 0.23841749089016137 0.49212962962962964 0.010411244143675169 0.012037037037037037
0 0.24362311296199896 0.49722222222222223 0.02706923477355544 0.012962962962962963
0 0.2181155648099948 0.524537037037037 0.062467464862051014 0.058333333333333334
0 0.2516918271733472 0.5347222222222222 0.061946902654867256 0.06944444444444445
0 0.2956793336803748 0.5185185185185185 0.026028110359187923 0.040740740740740744
2 0.29151483602290473 0.48842592592592593 0.018740239458615304 0.025
0 0.36283185840707965 0.5074074074074074 0.01353461738677772 0.012962962962962963
0 0.4422175950026028 0.5074074074074074 0.03800104112441437 0.025925925925925925
2 0.4752732951587715 0.5055555555555555 0.011452368558042686 0.027777777777777776
0 0.4708485163977095 0.5324074074074074 0.011972930765226444 0.03333333333333333
0 0.4651223321186882 0.5217592592592593 0.00676730869338886 0.019444444444444445
0 0.43545028630921395 0.5712962962962963 0.05986465382613222 0.12037037037037036
1 0.5161374284226965 0.5305555555555556 0.07652264445601249 0.18888888888888888
2 0.5757418011452369 0.4962962962962963 0.04476834981780323 0.04259259259259259
2 0.6431546069755336 0.4981481481481482 0.028630921395106715 0.022222222222222223
1 0.7756376887038001 0.5055555555555555 0.23633524206142634 0.2574074074074074
3 0.9151483602290473 0.5625 0.008328995314940135 0.04351851851851852
0 0.9419573138990109 0.7541666666666667 0.11608537220197813 0.3712962962962963
0 0.6868818323789693 0.7509259259259259 0.3711608537220198 0.4925925925925926
0 0.21759500260281103 0.7875 0.43310775637688703 0.41944444444444445
3 0.1054138469547111 0.5231481481481481 0.019260801665799063 0.07777777777777778
