0 0.10859375 0.5486111111111112 0.0671875 0.08055555555555556
0 0.18307291666666667 0.5476851851851852 0.07552083333333333 0.06574074074074074
0 0.2981770833333333 0.5689814814814815 0.058854166666666666 0.08055555555555556
0 0.33307291666666666 0.562962962962963 0.0390625 0.06296296296296296
0 0.4197916666666667 0.5537037037037037 0.025 0.03518518518518519
0 0.4393229166666667 0.5550925925925926 0.04114583333333333 0.041666666666666664
0 0.4934895833333333 0.5537037037037037 0.0359375 0.06296296296296296
0 0.5302083333333333 0.5736111111111111 0.040625 0.0712962962962963
0 0.47552083333333334 0.5907407407407408 0.06458333333333334 0.09814814814814815
1 0.9716145833333333 0.587037037037037 0.05364583333333333 0.06296296296296296
0 0.9809895833333333 0.6259259259259259 0.03802083333333333 0.07592592592592592
3 0.36015625 0.5652777777777778 0.009895833333333333 0.06388888888888888
