0 0.07395833333333333 0.6180555555555556 0.14583333333333334 0.14907407407407408
2 0.17317708333333334 0.5305555555555556 0.05572916666666667 0.07777777777777778
2 0.18776041666666668 0.55 0.0640625 0.09259259259259259
0 0.2359375 0.5314814814814814 0.021875 0.037037037037037035
0 0.2755208333333333 0.5268518518518519 0.028125 0.027777777777777776
2 0.3059895833333333 0.5231481481481481 0.024479166666666666 0.03518518518518519
0 0.33229166666666665 0.5310185185185186 0.021875 0.023148148148148147
3 0.37604166666666666 0.5425925925925926 0.00625 0.022222222222222223
3 0.38177083333333334 0.5425925925925926 0.007291666666666667 0.018518518518518517
0 0.4231770833333333 0.5504629629629629 0.0203125 0.030555555555555555
0 0.43828125 0.5453703703703704 0.018229166666666668 0.03148148148148148
2 0.44973958333333336 0.5407407407407407 0.028645833333333332 0.044444444444444446
0 0.4984375 0.5574074074074075 0.025 0.03518518518518519
0 0.5283854166666667 0.5527777777777778 0.016145833333333335 0.025925925925925925
0 0.3953125 0.6148148148148148 0.09375 0.13333333333333333
0 0.35598958333333336 0.5685185185185185 0.025520833333333333 0.05555555555555555
0 0.31614583333333335 0.5800925925925926 0.07916666666666666 0.08796296296296297
0 0.2557291666666667 0.5768518518518518 0.058333333333333334 0.07592592592592592
3 0.23958333333333334 0.5842592592592593 0.022916666666666665 0.09814814814814815
3 0.26067708333333334 0.575462962962963 0.0234375 0.10092592592592593
3 0.31614583333333335 0.5273148148148148 0.007291666666666667 0.025
3 0.31927083333333334 0.5273148148148148 0.008333333333333333 0.021296296296296296
