0 0.21744791666666666 0.5189814814814815 0.10885416666666667 0.06574074074074074
0 0.2903645833333333 0.5763888888888888 0.09739583333333333 0.20833333333333334
0 0.12994791666666666 0.5972222222222222 0.2598958333333333 0.29259259259259257
0 0.08932291666666667 0.7578703703703704 0.17760416666666667 0.4842592592592593
0 0.39479166666666665 0.637962962962963 0.209375 0.35185185185185186
1 0.9940104166666667 0.4064814814814815 0.009895833333333333 0.05
1 0.9763020833333333 0.4060185185185185 0.034895833333333334 0.05648148148148148
1 0.8479166666666667 0.41944444444444445 0.20208333333333334 0.16111111111111112
0 0.9572916666666667 0.48333333333333334 0.084375 0.12037037037037036
0 0.9361979166666666 0.7458333333333333 0.12760416666666666 0.5083333333333333
