3 0.0828125 0.3958333333333333 0.005208333333333333 0.012037037037037037
3 0.09401041666666667 0.4125 0.0067708333333333336 0.023148148148148147
3 0.08723958333333333 0.3925925925925926 0.0067708333333333336 0.014814814814814815
3 0.10286458333333333 0.42314814814814816 0.009895833333333333 0.05555555555555555
3 0.0890625 0.4125 0.00625 0.028703703703703703
3 0.11015625 0.40185185185185185 0.0067708333333333336 0.014814814814814815
3 0.13697916666666668 0.4027777777777778 0.005208333333333333 0.009259259259259259
0 0.2 0.4689814814814815 0.06354166666666666 0.08055555555555556
3 0.30859375 0.449537037037037 0.013020833333333334 0.058333333333333334
3 0.3984375 0.4648148148148148 0.023958333333333335 0.08888888888888889
0 0.5421875 0.6222222222222222 0.2604166666666667 0.2777777777777778
3 0.1609375 0.5611111111111111 0.06979166666666667 0.34444444444444444
3 0.22473958333333333 0.43472222222222223 0.009895833333333333 0.06944444444444445
