3 0.10072878709005727 0.538425925925926 0.028630921395106715 0.0712962962962963
3 0.13196251952108276 0.5995370370370371 0.0463300364393545 0.20277777777777778
3 0.21317022384174908 0.562962962962963 0.022384174908901613 0.10185185185185185
3 0.25741801145236853 0.587037037037037 0.024466423737636647 0.1537037037037037
3 0.2821447162935971 0.549537037037037 0.029151483602290473 0.075
0 0.37610619469026546 0.5259259259259259 0.02030192608016658 0.020370370370370372
0 0.38183237896928685 0.5425925925925926 0.018219677251431546 0.040740740740740744
5 0.38365434669443 0.5638888888888889 0.009370119729307652 0.03888888888888889
3 0.5312337324310256 0.5199074074074074 0.005726184279021343 0.012037037037037037
3 0.5455491931285789 0.549074074074074 0.011452368558042686 0.07222222222222222
5 0.7147319104633003 0.6194444444444445 0.05622071837584591 0.08148148148148149
