0 0.5119791666666667 0.5268518518518519 0.036458333333333336 0.03518518518518519
2 0.47604166666666664 0.5111111111111111 0.03958333333333333 0.014814814814814815
3 0.83125 0.5282407407407408 0.00625 0.017592592592592594
3 0.828125 0.5513888888888889 0.013541666666666667 0.06388888888888888
3 0.8135416666666667 0.5472222222222223 0.016666666666666666 0.044444444444444446
0 0.7901041666666667 0.5740740740740741 0.071875 0.08518518518518518
3 0.9203125 0.5930555555555556 0.0125 0.03425925925925926
3 0.8341145833333333 0.6101851851851852 0.025520833333333333 0.12222222222222222
3 0.8364583333333333 0.5814814814814815 0.017708333333333333 0.05740740740740741
0 0.715625 0.6504629629629629 0.18645833333333334 0.22314814814814815
1 0.34609375 0.49444444444444446 0.018229166666666668 0.03518518518518519
