3 0.49192708333333335 0.6398148148148148 0.0359375 0.19074074074074074
3 0.44088541666666664 0.6287037037037037 0.04114583333333333 0.21666666666666667
3 0.646875 0.6231481481481481 0.014583333333333334 0.07407407407407407
0 0.7854166666666667 0.6467592592592593 0.011458333333333333 0.017592592592592594
0 0.7872395833333333 0.6560185185185186 0.013020833333333334 0.026851851851851852
0 0.775 0.6578703703703703 0.017708333333333333 0.03425925925925926
0 0.8432291666666667 0.649537037037037 0.010416666666666666 0.013888888888888888
0 0.8513020833333333 0.6546296296296297 0.018229166666666668 0.016666666666666666
2 0.8705729166666667 0.6518518518518519 0.0203125 0.040740740740740744
3 0.9033854166666667 0.6666666666666666 0.0067708333333333336 0.03333333333333333
0 0.95390625 0.6703703703703704 0.06927083333333334 0.10185185185185185
0 0.8114583333333333 0.65 0.04479166666666667 0.06666666666666667
3 0.6583333333333333 0.6212962962962963 0.013541666666666667 0.07777777777777778
2 0.7231770833333333 0.6083333333333333 0.09635416666666667 0.2037037037037037
