0 0.9158854166666667 0.8763888888888889 0.16510416666666666 0.24537037037037038
0 0.9229166666666667 0.6787037037037037 0.15104166666666666 0.29074074074074074
0 0.5794270833333334 0.6296296296296297 0.08385416666666666 0.12407407407407407
0 0.63125 0.6041666666666666 0.046875 0.075
0 0.53984375 0.5981481481481481 0.028645833333333332 0.06296296296296296
0 0.5119791666666667 0.5949074074074074 0.040625 0.05462962962962963
1 0.6596354166666667 0.5662037037037037 0.034895833333333334 0.030555555555555555
0 0.70234375 0.5828703703703704 0.050520833333333334 0.04351851851851852
0 0.67890625 0.5819444444444445 0.033854166666666664 0.03425925925925926
3 0.6580729166666667 0.5958333333333333 0.013020833333333334 0.06944444444444445
3 0.6703125 0.5935185185185186 0.016666666666666666 0.06666666666666667
3 0.6828125 0.5893518518518519 0.014583333333333334 0.058333333333333334
3 0.59921875 0.5657407407407408 0.005729166666666666 0.020370370370370372
3 0.6208333333333333 0.5638888888888889 0.00625 0.012962962962962963
3 0.5755208333333334 0.5643518518518519 0.00625 0.010185185185185186
0 0.48359375 0.5814814814814815 0.034895833333333334 0.040740740740740744
1 0.9286458333333333 0.4675925925925926 0.03125 0.024074074074074074
0 0.5466145833333333 0.5583333333333333 0.0171875 0.014814814814814815
