2 0.89765625 0.5675925925925925 0.044270833333333336 0.053703703703703705
0 0.9247395833333333 0.5962962962962963 0.0390625 0.03518518518518519
0 0.8731770833333333 0.5986111111111111 0.030729166666666665 0.041666666666666664
3 0.85859375 0.611574074074074 0.0234375 0.07314814814814814
3 0.8979166666666667 0.6273148148148148 0.03333333333333333 0.11388888888888889
0 0.9677083333333333 0.5990740740740741 0.03229166666666667 0.03148148148148148
0 0.93203125 0.7527777777777778 0.1328125 0.29259259259259257
0 0.790625 0.6787037037037037 0.15625 0.17777777777777778
0 0.7466145833333333 0.5967592592592592 0.0421875 0.04351851851851852
0 0.68203125 0.6333333333333333 0.09947916666666666 0.12962962962962962
0 0.6229166666666667 0.6287037037037037 0.0375 0.08333333333333333
0 0.5736979166666667 0.6587962962962963 0.10260416666666666 0.13240740740740742
0 0.5455729166666666 0.6013888888888889 0.0421875 0.041666666666666664
0 0.5783854166666667 0.5810185185185185 0.0234375 0.026851851851851852
0 0.49375 0.6388888888888888 0.06875 0.0962962962962963
0 0.4390625 0.6189814814814815 0.04895833333333333 0.08055555555555556
1 0.8596354166666667 0.575462962962963 0.0296875 0.026851851851851852
3 0.50390625 0.5787037037037037 0.0109375 0.020370370370370372
1 0.54375 0.32592592592592595 0.17604166666666668 0.08333333333333333
1 0.56484375 0.5680555555555555 0.0546875 0.041666666666666664
1 0.828125 0.5763888888888888 0.026041666666666668 0.03611111111111111
