2 0.3930244664237376 0.525 0.010411244143675169 0.03518518518518519
2 0.38027069234773553 0.5226851851851851 0.022384174908901613 0.05648148148148148
3 0.3649141072358147 0.5337962962962963 0.011452368558042686 0.05277777777777778
3 0.37636647579385735 0.5236111111111111 0.010411244143675169 0.026851851851851852
3 0.3391462779802186 0.5430555555555555 0.018219677251431546 0.08425925925925926
3 0.2883914627798022 0.6078703703703704 0.052056220718375845 0.20092592592592592
3 0.39406559083810516 0.524074074074074 0.006246746486205101 0.022222222222222223
2 0.43831337844872464 0.5157407407407407 0.011452368558042686 0.011111111111111112
3 0.4789172306090578 0.5333333333333333 0.007287870900572618 0.03518518518518519
3 0.4877667881311817 0.5236111111111111 0.006246746486205101 0.026851851851851852
3 0.5335762623633524 0.5402777777777777 0.010411244143675169 0.04351851851851852
2 0.7462259239979178 0.6194444444444445 0.39198334200937013 0.5388888888888889
