3 0.3703125 0.5569444444444445 0.014583333333333334 0.058333333333333334
3 0.3875 0.5458333333333333 0.015625 0.049074074074074076
3 0.3971354166666667 0.5393518518518519 0.008854166666666666 0.03425925925925926
3 0.3927083333333333 0.5671296296296297 0.017708333333333333 0.06759259259259259
3 0.41328125 0.5555555555555556 0.015104166666666667 0.044444444444444446
1 0.5130208333333334 0.512962962962963 0.036458333333333336 0.040740740740740744
1 0.55859375 0.5138888888888888 0.04739583333333333 0.07407407407407407
2 0.6057291666666667 0.5111111111111111 0.041666666666666664 0.07777777777777778
0 0.578125 0.5430555555555555 0.040625 0.032407407407407406
0 0.6158854166666666 0.5305555555555556 0.021354166666666667 0.018518518518518517
0 0.6453125 0.537962962962963 0.035416666666666666 0.044444444444444446
1 0.6619791666666667 0.5125 0.027083333333333334 0.023148148148148147
1 0.6825520833333333 0.5115740740740741 0.015104166666666667 0.026851851851851852
0 0.6799479166666667 0.5324074074074074 0.022395833333333334 0.03888888888888889
1 0.76171875 0.5106481481481482 0.04010416666666667 0.04351851851851852
0 0.7700520833333333 0.5717592592592593 0.0828125 0.10462962962962963
1 0.8455729166666667 0.5226851851851851 0.13385416666666666 0.1175925925925926
0 0.8981770833333333 0.586574074074074 0.13802083333333334 0.13796296296296295
0 0.8854166666666666 0.7837962962962963 0.22916666666666666 0.4324074074074074
0 0.5268229166666667 0.549537037037037 0.04114583333333333 0.03981481481481482
0 0.6299479166666667 0.5847222222222223 0.07239583333333334 0.11018518518518519
0 0.72734375 0.6601851851851852 0.17760416666666667 0.24074074074074073
0 0.46015625 0.5912037037037037 0.0921875 0.14537037037037037
0 0.5466145833333333 0.6967592592592593 0.19114583333333332 0.30277777777777776
