2 0.76015625 0.3490740740740741 0.021354166666666667 0.03518518518518519
2 0.7057291666666666 0.3523148148148148 0.020833333333333332 0.030555555555555555
2 0.65625 0.3731481481481482 0.010416666666666666 0.03148148148148148
0 0.7091145833333333 0.36157407407407405 0.025520833333333333 0.008333333333333333
3 0.7807291666666667 0.36527777777777776 0.00625 0.026851851851851852
3 0.78671875 0.36203703703703705 0.0078125 0.020370370370370372
3 0.7778645833333333 0.39444444444444443 0.015104166666666667 0.053703703703703705
3 0.80390625 0.36527777777777776 0.0109375 0.026851851851851852
3 0.79296875 0.3976851851851852 0.025520833333333333 0.08611111111111111
3 0.8989583333333333 0.43287037037037035 0.042708333333333334 0.1824074074074074
0 0.7278645833333334 0.39351851851851855 0.10572916666666667 0.05740740740740741
0 0.58984375 0.6962962962962963 0.5776041666666667 0.6074074074074074
