1 0.01015096304008329 0.5166666666666667 0.02030192608016658 0.20925925925925926
3 0.2683498178032275 0.5939814814814814 0.03279541905257678 0.07685185185185185
3 0.23841749089016137 0.5990740740740741 0.04268610098906819 0.23333333333333334
0 0.04346694429984383 0.7578703703703704 0.07964601769911504 0.16203703703703703
3 0.3430504945340968 0.5597222222222222 0.020822488287350338 0.04351851851851852
1 0.5728787090057262 0.4949074074074074 0.06090577824049974 0.10092592592592593
3 0.6098386257157731 0.5282407407407408 0.011972930765226444 0.023148148148148147
2 0.6678813118167621 0.5212962962962963 0.08224882873503384 0.13333333333333333
2 0.7157730348776679 0.5199074074074074 0.014575741801145237 0.030555555555555555
0 0.715512753774076 0.537962962962963 0.019260801665799063 0.04259259259259259
2 0.4711087975013014 0.41759259259259257 0.16449765747006767 0.2518518518518518
0 0.6121811556480999 0.5949074074074074 0.06038521603331598 0.1287037037037037
0 0.8826132222800624 0.5671296296296297 0.0463300364393545 0.05462962962962963
0 0.8315981259760541 0.5648148148148148 0.10046850598646538 0.06111111111111111
0 0.7470067673086934 0.7347222222222223 0.30296720458094745 0.4324074074074074
1 0.9125455491931286 0.4981481481481482 0.1728266527850078 0.9944444444444445
3 0.32795419052576785 0.512962962962963 0.015616866215512754 0.0962962962962963
