0 0.7291666666666666 0.3972222222222222 0.016666666666666666 0.022222222222222223
0 0.7177083333333333 0.3972222222222222 0.01875 0.012962962962962963
3 0.73125 0.39675925925925926 0.009375 0.013888888888888888
0 0.6854166666666667 0.4166666666666667 0.01875 0.03148148148148148
0 0.5065104166666666 0.42824074074074076 0.016145833333333335 0.03611111111111111
2 0.5494791666666666 0.4101851851851852 0.07708333333333334 0.15
0 0.5598958333333334 0.5615740740740741 0.15208333333333332 0.225
0 0.49713541666666666 0.42962962962962964 0.025520833333333333 0.037037037037037035
1 0.2515625 0.41805555555555557 0.3625 0.4009259259259259
0 0.75546875 0.3976851851851852 0.018229166666666668 0.032407407407407406
1 0.8786458333333333 0.4708333333333333 0.24270833333333333 0.9398148148148148
