3 0.51875 0.5282407407407408 0.003125 0.008333333333333333
3 0.53828125 0.5356481481481481 0.005729166666666666 0.008333333333333333
3 0.52890625 0.5328703703703703 0.0067708333333333336 0.012037037037037037
3 0.5229166666666667 0.5328703703703703 0.005208333333333333 0.010185185185185186
3 0.6111979166666667 0.5412037037037037 0.015104166666666667 0.026851851851851852
3 0.640625 0.5472222222222223 0.0125 0.03518518518518519
0 0.5270833333333333 0.5476851851851852 0.017708333333333333 0.021296296296296296
3 0.46380208333333334 0.5300925925925926 0.008854166666666666 0.025
3 0.47734375 0.5365740740740741 0.005729166666666666 0.023148148148148147
3 0.46901041666666665 0.5296296296296297 0.011979166666666667 0.020370370370370372
3 0.41901041666666666 0.5143518518518518 0.018229166666666668 0.041666666666666664
0 0.54609375 0.5796296296296296 0.0453125 0.07777777777777778
3 0.46901041666666665 0.5898148148148148 0.024479166666666666 0.12777777777777777
0 0.61015625 0.6504629629629629 0.1265625 0.20092592592592592
3 0.3143229166666667 0.6148148148148148 0.034895833333333334 0.18333333333333332
3 0.40520833333333334 0.6546296296296297 0.06041666666666667 0.2759259259259259
3 0.16354166666666667 0.5578703703703703 0.03125 0.1638888888888889
3 0.2203125 0.6143518518518518 0.051041666666666666 0.2564814814814815
