0 0.8584070796460177 0.6611111111111111 0.15096304008328995 0.24074074074074073
0 0.5083289953149401 0.5333333333333333 0.008849557522123894 0.022222222222222223
1 0.5273295158771473 0.5203703703703704 0.03643935450286309 0.08148148148148149
1 0.5804268610098907 0.5259259259259259 0.08120770432066632 0.09074074074074075
2 0.4911504424778761 0.5254629629629629 0.008849557522123894 0.019444444444444445
0 0.4809994794377928 0.5287037037037037 0.018740239458615304 0.022222222222222223
0 0.4971369078604893 0.5625 0.041644976574700676 0.07314814814814814
1 0.4487246225923998 0.5203703703703704 0.01353461738677772 0.025925925925925925
1 0.452628839146278 0.5231481481481481 0.004685059864653826 0.018518518518518517
2 0.4619989588755856 0.5203703703703704 0.016137428422696512 0.03148148148148148
0 0.4622592399791775 0.5467592592592593 0.018740239458615304 0.041666666666666664
0 0.4182717334721499 0.5990740740740741 0.09005726184279021 0.14814814814814814
0 0.5981259760541384 0.7337962962962963 0.25611660593440916 0.4046296296296296
