0 0.4125 0.5180555555555556 0.016666666666666666 0.025
1 0.4864583333333333 0.5055555555555555 0.04375 0.07037037037037037
2 0.6286458333333333 0.49398148148148147 0.05520833333333333 0.062037037037037036
0 0.61328125 0.5699074074074074 0.06197916666666667 0.09722222222222222
0 0.7192708333333333 0.6782407407407407 0.2552083333333333 0.3416666666666667
3 0.43046875 0.5203703703703704 0.0067708333333333336 0.03333333333333333
0 0.4205729166666667 0.5226851851851851 0.0067708333333333336 0.03425925925925926
3 0.4015625 0.5055555555555555 0.005208333333333333 0.018518518518518517
3 0.39296875 0.5310185185185186 0.009895833333333333 0.058333333333333334
3 0.40338541666666666 0.562037037037037 0.019270833333333334 0.10555555555555556
3 0.28880208333333335 0.5574074074074075 0.0296875 0.12962962962962962
3 0.31927083333333334 0.5611111111111111 0.026041666666666668 0.14629629629629629
3 0.17057291666666666 0.5888888888888889 0.0484375 0.26481481481481484
3 0.05078125 0.6564814814814814 0.058854166666666666 0.18518518518518517
1 0.43984375 0.48518518518518516 0.0140625 0.009259259259259259
0 0.45026041666666666 0.4861111111111111 0.0078125 0.011111111111111112
