2 0.40911458333333334 0.5541666666666667 0.0265625 0.062037037037037036
2 0.43411458333333336 0.5527777777777778 0.027604166666666666 0.040740740740740744
2 0.4114583333333333 0.562037037037037 0.03229166666666667 0.05555555555555555
0 0.4354166666666667 0.5675925925925925 0.020833333333333332 0.03148148148148148
2 0.5015625 0.5398148148148149 0.090625 0.19814814814814816
0 0.59140625 0.5768518518518518 0.05364583333333333 0.09259259259259259
3 0.7817708333333333 0.5652777777777778 0.011458333333333333 0.05092592592592592
3 0.6893229166666667 0.5648148148148148 0.0078125 0.040740740740740744
3 0.6770833333333334 0.5671296296296297 0.011458333333333333 0.04537037037037037
3 0.7026041666666667 0.5935185185185186 0.01875 0.0962962962962963
