3 0.07526041666666666 0.47129629629629627 0.033854166666666664 0.2111111111111111
3 0.09713541666666667 0.475 0.024479166666666666 0.22962962962962963
3 0.12552083333333333 0.43796296296296294 0.017708333333333333 0.16111111111111112
3 0.13723958333333333 0.45185185185185184 0.025520833333333333 0.14814814814814814
3 0.16223958333333333 0.4425925925925926 0.0265625 0.18333333333333332
3 0.18307291666666667 0.37546296296296294 0.008854166666666666 0.023148148148148147
3 0.21015625 0.37407407407407406 0.0203125 0.025925925925925925
3 0.20130208333333333 0.40879629629629627 0.019270833333333334 0.07685185185185185
3 0.17291666666666666 0.49212962962962964 0.027083333333333334 0.20833333333333334
3 0.19661458333333334 0.5083333333333333 0.07239583333333334 0.2351851851851852
3 0.278125 0.49444444444444446 0.03125 0.18888888888888888
3 0.31015625 0.48703703703703705 0.0359375 0.1814814814814815
3 0.34817708333333336 0.4601851851851852 0.043229166666666666 0.18703703703703703
3 0.5036458333333333 0.4486111111111111 0.0375 0.16944444444444445
3 0.5252604166666667 0.42777777777777776 0.015104166666666667 0.07037037037037037
3 0.5627604166666667 0.4050925925925926 0.0171875 0.09351851851851851
3 0.61328125 0.4222222222222222 0.0234375 0.09444444444444444
3 0.7822916666666667 0.33425925925925926 0.014583333333333334 0.020370370370370372
3 0.7966145833333333 0.38564814814814813 0.0109375 0.08425925925925926
3 0.8127604166666667 0.3962962962962963 0.0171875 0.09259259259259259
3 0.8377604166666667 0.36342592592592593 0.011979166666666667 0.08796296296296297
3 0.8447916666666667 0.3587962962962963 0.008333333333333333 0.08055555555555556
3 0.8598958333333333 0.3888888888888889 0.023958333333333335 0.08333333333333333
3 0.9223958333333333 0.3638888888888889 0.015625 0.06666666666666667
3 0.7958333333333333 0.38287037037037036 0.016666666666666666 0.09351851851851851
3 0.99453125 0.3523148148148148 0.0078125 0.04537037037037037
