0 0.45054659031754296 0.6777777777777778 0.18792295679333682 0.3925925925925926
0 0.7878709005726184 0.5296296296296297 0.09422175950026028 0.06851851851851852
0 0.7230609057782404 0.6166666666666667 0.10203019260801666 0.16666666666666666
3 0.5325351379489849 0.5199074074074074 0.010411244143675169 0.04537037037037037
3 0.5666319625195211 0.5361111111111111 0.015096304008328995 0.06851851851851852
3 0.5923997917751171 0.5453703703703704 0.014575741801145237 0.0962962962962963
3 0.6061946902654868 0.5472222222222223 0.016137428422696512 0.08148148148148149
3 0.9128058302967205 0.48935185185185187 0.03071317022384175 0.12129629629629629
3 0.9640812077043207 0.5027777777777778 0.028110359187922956 0.1574074074074074
3 0.8313378448724622 0.5703703703703704 0.03643935450286309 0.16666666666666666
