3 0.22994791666666667 0.6736111111111112 0.05364583333333333 0.23425925925925925
3 0.4453125 0.5972222222222222 0.019791666666666666 0.08518518518518518
0 0.4984375 0.5856481481481481 0.04583333333333333 0.05462962962962963
2 0.5372395833333333 0.5634259259259259 0.0359375 0.08611111111111111
1 0.575 0.549074074074074 0.04479166666666667 0.037037037037037035
2 0.5744791666666667 0.5592592592592592 0.040625 0.05555555555555555
1 0.675 0.5611111111111111 0.12604166666666666 0.07592592592592592
0 0.65390625 0.575 0.04635416666666667 0.053703703703703705
0 0.6520833333333333 0.5921296296296297 0.04375 0.08055555555555556
3 0.67890625 0.5884259259259259 0.016145833333333335 0.04537037037037037
3 0.6692708333333334 0.5837962962962963 0.0125 0.05462962962962963
0 0.7888020833333333 0.6657407407407407 0.13697916666666668 0.16111111111111112
0 0.5567708333333333 0.5967592592592592 0.051041666666666666 0.0712962962962963
0 0.5869791666666667 0.5861111111111111 0.036458333333333336 0.05555555555555555
0 0.6059895833333333 0.5777777777777777 0.019270833333333334 0.046296296296296294
0 0.9119791666666667 0.7578703703703704 0.17604166666666668 0.2824074074074074
