3 0.40963541666666664 0.4888888888888889 0.0036458333333333334 0.024074074074074074
1 0.459375 0.44675925925925924 0.09791666666666667 0.1175925925925926
3 0.2328125 0.45 0.007291666666666667 0.040740740740740744
3 0.22708333333333333 0.45046296296296295 0.007291666666666667 0.03981481481481482
3 0.40208333333333335 0.49212962962962964 0.007291666666666667 0.03796296296296296
3 0.38697916666666665 0.4935185185185185 0.011458333333333333 0.05925925925925926
3 0.37734375 0.49166666666666664 0.013020833333333334 0.06481481481481481
0 0.2 0.5 0.07083333333333333 0.06851851851851852
2 0.1 0.4583333333333333 0.026041666666666668 0.06851851851851852
0 0.15364583333333334 0.4981481481481482 0.10416666666666667 0.07777777777777778
2 0.06458333333333334 0.5680555555555555 0.128125 0.7361111111111112
0 0.5125 0.5009259259259259 0.016666666666666666 0.04259259259259259
0 0.46328125 0.6203703703703703 0.16197916666666667 0.3037037037037037
2 0.6697916666666667 0.49212962962962964 0.07604166666666666 0.1175925925925926
0 0.6276041666666666 0.5671296296296297 0.10625 0.14907407407407408
3 0.7096354166666666 0.500462962962963 0.008854166666666666 0.030555555555555555
2 0.84453125 0.5777777777777777 0.3109375 0.8037037037037037
