3 0.5317542946382092 0.524074074074074 0.00676730869338886 0.020370370370370372
2 0.5190005205622071 0.5138888888888888 0.021863612701717855 0.03518518518518519
3 0.7519521082769391 0.5615740740740741 0.011972930765226444 0.06018518518518518
0 0.696251952108277 0.5740740740740741 0.0890161374284227 0.10740740740740741
2 0.4724102030192608 0.5120370370370371 0.022384174908901613 0.05
0 0.45393024466423737 0.5254629629629629 0.017699115044247787 0.030555555555555555
0 0.486985944820406 0.5398148148148149 0.03800104112441437 0.08148148148148149
3 0.4047371160853722 0.5222222222222223 0.00676730869338886 0.027777777777777776
3 0.3594482040603852 0.5106481481481482 0.005726184279021343 0.019444444444444445
0 0.3373243102550755 0.5083333333333333 0.03748047891723061 0.018518518518518517
3 0.323269130661114 0.5027777777777778 0.008328995314940135 0.016666666666666666
0 0.31624154086413325 0.538425925925926 0.04424778761061947 0.058333333333333334
3 0.3396668401874024 0.5509259259259259 0.021343050494534097 0.08148148148148149
2 0.24882873503383654 0.538425925925926 0.12181155648099948 0.20462962962962963
0 0.3021863612701718 0.5467592592592593 0.02030192608016658 0.05092592592592592
3 0.3547631441957314 0.5092592592592593 0.005726184279021343 0.014814814814814815
