1 0.8072916666666666 0.399537037037037 0.24270833333333333 0.2361111111111111
1 0.96484375 0.4337962962962963 0.049479166666666664 0.16203703703703703
1 0.9361979166666666 0.39351851851851855 0.015104166666666667 0.037037037037037035
1 0.9916666666666667 0.40555555555555556 0.014583333333333334 0.2833333333333333
3 0.7783854166666667 0.7277777777777777 0.16510416666666666 0.5444444444444444
3 0.6552083333333333 0.47685185185185186 0.027083333333333334 0.12407407407407407
3 0.5536458333333333 0.500462962962963 0.023958333333333335 0.11388888888888889
3 0.5330729166666667 0.4981481481481482 0.034895833333333334 0.12777777777777777
3 0.45026041666666666 0.5569444444444445 0.0546875 0.22685185185185186
3 0.3927083333333333 0.46805555555555556 0.026041666666666668 0.06018518518518518
3 0.2557291666666667 0.5310185185185186 0.04583333333333333 0.1675925925925926
3 0.19192708333333333 0.5115740740740741 0.018229166666666668 0.11203703703703703
3 0.16927083333333334 0.5143518518518518 0.023958333333333335 0.11574074074074074
3 0.08072916666666667 0.49583333333333335 0.013541666666666667 0.05648148148148148
3 0.10286458333333333 0.5194444444444445 0.0296875 0.1037037037037037
3 0.020833333333333332 0.5180555555555556 0.015625 0.08796296296296297
3 0.01015625 0.538425925925926 0.019270833333333334 0.13796296296296295
3 0.34140625 0.7356481481481482 0.19635416666666666 0.5212962962962963
