2 0.2643229166666667 0.5268518518518519 0.0390625 0.08518518518518518
2 0.19635416666666666 0.5328703703703703 0.059375 0.13240740740740742
3 0.34270833333333334 0.513425925925926 0.005208333333333333 0.013888888888888888
3 0.3307291666666667 0.5356481481481481 0.010416666666666666 0.05648148148148148
3 0.3190104166666667 0.5416666666666666 0.015104166666666667 0.05740740740740741
3 0.30026041666666664 0.5296296296296297 0.009895833333333333 0.05
3 0.17838541666666666 0.5671296296296297 0.0171875 0.09166666666666666
3 0.03697916666666667 0.6412037037037037 0.03333333333333333 0.10648148148148148
3 0.022916666666666665 0.7425925925925926 0.04479166666666667 0.37407407407407406
5 0.057291666666666664 0.6041666666666666 0.034375 0.05092592592592592
3 0.3567708333333333 0.5277777777777778 0.00625 0.04259259259259259
0 0.37942708333333336 0.5333333333333333 0.0421875 0.05
2 0.4278645833333333 0.5050925925925925 0.04635416666666667 0.075
3 0.40182291666666664 0.5185185185185185 0.008854166666666666 0.025925925925925925
3 0.4265625 0.5541666666666667 0.015625 0.09907407407407408
3 0.41302083333333334 0.5532407407407407 0.01875 0.08796296296296297
3 0.40260416666666665 0.5407407407407407 0.007291666666666667 0.04259259259259259
3 0.45989583333333334 0.5231481481481481 0.008333333333333333 0.024074074074074074
3 0.48203125 0.524074074074074 0.0067708333333333336 0.037037037037037035
3 0.4674479166666667 0.5356481481481481 0.009895833333333333 0.03425925925925926
3 0.45651041666666664 0.5143518518518518 0.0046875 0.008333333333333333
3 0.4869791666666667 0.5407407407407407 0.015625 0.04814814814814815
2 0.5786458333333333 0.5884259259259259 0.14895833333333333 0.2675925925925926
3 0.4921875 0.6199074074074075 0.040625 0.21944444444444444
3 0.8369791666666667 0.6583333333333333 0.05 0.1
3 0.8994791666666667 0.5814814814814815 0.014583333333333334 0.06851851851851852
3 0.8677083333333333 0.6842592592592592 0.051041666666666666 0.3055555555555556
3 0.7692708333333333 0.6291666666666667 0.03958333333333333 0.13425925925925927
3 0.978125 0.6351851851851852 0.04375 0.1685185185185185
3 0.93359375 0.7546296296296297 0.1328125 0.49074074074074076
