2 0.9098958333333333 0.3398148148148148 0.05625 0.09814814814814815
2 0.98203125 0.31666666666666665 0.033854166666666664 0.025925925925925925
3 0.8403645833333333 0.3907407407407407 0.019270833333333334 0.11481481481481481
2 0.7606770833333333 0.37083333333333335 0.0953125 0.2212962962962963
3 0.75390625 0.33611111111111114 0.028645833333333332 0.08333333333333333
3 0.7848958333333333 0.41712962962962963 0.019791666666666666 0.14537037037037037
3 0.7666666666666667 0.4337962962962963 0.028125 0.1361111111111111
3 0.7484375 0.4222222222222222 0.020833333333333332 0.13518518518518519
3 0.7317708333333334 0.42314814814814816 0.030208333333333334 0.14444444444444443
1 0.34427083333333336 0.4981481481481482 0.6875 0.9944444444444445
1 0.74609375 0.3060185185185185 0.12135416666666667 0.09166666666666666
3 0.7192708333333333 0.40046296296296297 0.019791666666666666 0.12685185185185185
