0 0.048177083333333336 0.3333333333333333 0.0765625 0.0962962962962963
0 0.2791666666666667 0.39444444444444443 0.178125 0.1574074074074074
0 0.5565104166666667 0.33935185185185185 0.0765625 0.08055555555555556
0 0.61328125 0.35833333333333334 0.06927083333333334 0.09074074074074075
0 0.6872395833333333 0.37222222222222223 0.11197916666666667 0.10740740740740741
0 0.8075520833333333 0.37546296296296294 0.15260416666666668 0.08611111111111111
0 0.8427083333333333 0.44166666666666665 0.2520833333333333 0.14814814814814814
0 0.49635416666666665 0.3902777777777778 0.16354166666666667 0.11388888888888889
0 0.7401041666666667 0.7106481481481481 0.5197916666666667 0.5787037037037037
0 0.01953125 0.5699074074074074 0.0328125 0.25092592592592594
