0 0.41875 0.5597222222222222 0.010416666666666666 0.025
0 0.4510416666666667 0.5685185185185185 0.023958333333333335 0.05925925925925926
0 0.47578125 0.5800925925925926 0.0609375 0.08796296296296297
0 0.5390625 0.5546296296296296 0.051041666666666666 0.05925925925925926
2 0.7044270833333334 0.5314814814814814 0.03697916666666667 0.07962962962962963
0 0.759375 0.5712962962962963 0.08854166666666667 0.1037037037037037
0 0.39765625 0.5712962962962963 0.04010416666666667 0.06111111111111111
3 0.29765625 0.5685185185185185 0.0078125 0.027777777777777776
3 0.303125 0.5694444444444444 0.008333333333333333 0.037037037037037035
3 0.2713541666666667 0.5634259259259259 0.005208333333333333 0.01574074074074074
3 0.25885416666666666 0.5726851851851852 0.00625 0.032407407407407406
3 0.25442708333333336 0.5745370370370371 0.005729166666666666 0.03611111111111111
3 0.18802083333333333 0.5666666666666667 0.010416666666666666 0.024074074074074074
5 0.04739583333333333 0.8106481481481481 0.09375 0.20833333333333334
0 0.98515625 0.6638888888888889 0.0296875 0.13518518518518519
0 0.6315104166666666 0.5824074074074074 0.09635416666666667 0.10555555555555556
