0 0.5143229166666666 0.5212962962962963 0.005729166666666666 0.009259259259259259
0 0.5114583333333333 0.5194444444444445 0.005208333333333333 0.009259259259259259
0 0.50234375 0.5217592592592593 0.0067708333333333336 0.008333333333333333
2 0.478125 0.5199074074074074 0.007291666666666667 0.019444444444444445
2 0.48359375 0.5222222222222223 0.009895833333333333 0.020370370370370372
0 0.4979166666666667 0.5402777777777777 0.010416666666666666 0.013888888888888888
0 0.5169270833333334 0.5398148148148149 0.0109375 0.016666666666666666
2 0.7934895833333333 0.6277777777777778 0.2640625 0.48703703703703705
2 0.4700520833333333 0.5282407407407408 0.016145833333333335 0.026851851851851852
3 0.4348958333333333 0.5430555555555555 0.00625 0.019444444444444445
3 0.43020833333333336 0.5425925925925926 0.004166666666666667 0.020370370370370372
2 0.39739583333333334 0.5504629629629629 0.03125 0.0712962962962963
3 0.011458333333333333 0.6166666666666667 0.021875 0.1111111111111111
3 0.033854166666666664 0.6092592592592593 0.034375 0.10740740740740741
3 0.06822916666666666 0.6134259259259259 0.015625 0.08796296296296297
3 0.07630208333333334 0.6157407407407407 0.0140625 0.07777777777777778
3 0.09296875 0.5962962962962963 0.0296875 0.12222222222222222
3 0.15052083333333333 0.5814814814814815 0.022916666666666665 0.11851851851851852
3 0.17604166666666668 0.5824074074074074 0.022916666666666665 0.11481481481481481
0 0.5447916666666667 0.5199074074074074 0.004166666666666667 0.008333333333333333
0 0.5747395833333333 0.5337962962962963 0.0078125 0.012037037037037037
2 0.60078125 0.5259259259259259 0.0140625 0.025925925925925925
0 0.6450520833333333 0.5402777777777777 0.018229166666666668 0.01574074074074074
0 0.6575520833333334 0.5416666666666666 0.019270833333333334 0.014814814814814815
