0 0.4859375 0.43287037037037035 0.005208333333333333 0.008333333333333333
0 0.5388020833333333 0.44166666666666665 0.0078125 0.022222222222222223
2 0.5901041666666667 0.42962962962962964 0.04375 0.09074074074074075
0 0.6747395833333333 0.4828703703703704 0.06510416666666667 0.05648148148148148
0 0.7973958333333333 0.47453703703703703 0.06354166666666666 0.058333333333333334
0 0.9299479166666667 0.49074074074074076 0.0828125 0.08148148148148149
0 0.43255208333333334 0.44027777777777777 0.015104166666666667 0.026851851851851852
3 0.425 0.4375 0.00625 0.03611111111111111
3 0.4203125 0.4361111111111111 0.005208333333333333 0.025925925925925925
3 0.3658854166666667 0.47314814814814815 0.025520833333333333 0.09444444444444444
3 0.2838541666666667 0.4726851851851852 0.029166666666666667 0.12129629629629629
5 0.22447916666666667 0.4634259259259259 0.052083333333333336 0.05462962962962963
