2 0.47291666666666665 0.45694444444444443 0.051041666666666666 0.14537037037037037
2 0.5223958333333333 0.42685185185185187 0.028125 0.02962962962962963
1 0.5067708333333333 0.42685185185185187 0.0125 0.020370370370370372
0 0.55234375 0.45185185185185184 0.018229166666666668 0.03148148148148148
3 0.56328125 0.4675925925925926 0.0067708333333333336 0.044444444444444446
0 0.715625 0.4777777777777778 0.06041666666666667 0.04259259259259259
3 0.7684895833333333 0.47638888888888886 0.0140625 0.026851851851851852
3 0.7981770833333334 0.47638888888888886 0.018229166666666668 0.026851851851851852
0 0.9302083333333333 0.525 0.11875 0.1
0 0.584375 0.475 0.04375 0.06481481481481481
0 0.7955729166666666 0.7273148148148149 0.3921875 0.4861111111111111
