2 0.5794270833333334 0.4513888888888889 0.06302083333333333 0.10462962962962963
1 0.6278645833333333 0.4444444444444444 0.027604166666666666 0.05185185185185185
0 0.6502604166666667 0.45925925925925926 0.028645833333333332 0.040740740740740744
0 0.6768229166666667 0.48194444444444445 0.0734375 0.0787037037037037
2 0.8546875 0.4310185185185185 0.28958333333333336 0.6212962962962963
2 0.4518229166666667 0.40555555555555556 0.005729166666666666 0.011111111111111112
2 0.46067708333333335 0.4324074074074074 0.0203125 0.040740740740740744
0 0.47552083333333334 0.4236111111111111 0.00625 0.012037037037037037
0 0.4395833333333333 0.4393518518518518 0.014583333333333334 0.030555555555555555
3 0.42526041666666664 0.43194444444444446 0.0067708333333333336 0.025
0 0.4153645833333333 0.4351851851851852 0.0078125 0.014814814814814815
0 0.36484375 0.44166666666666665 0.022395833333333334 0.03333333333333333
2 0.15911458333333334 0.41944444444444445 0.20989583333333334 0.26296296296296295
